BLIP_Ver:  1.00000
m_Left_in_screen:  0.87422
m_Top_in_screen:  0.37688
m_Width_in_screen:  0.12578
m_Height_in_screen:  0.33313
