BLIP_Ver:  1.00000
m_Left_in_screen:  0.55352
m_Top_in_screen:  0.37562
m_Width_in_screen:  0.32070
m_Height_in_screen:  0.33687
