BLIP_Ver:  1.00000
m_Left_in_screen:  0.55365
m_Top_in_screen:  0.00000
m_Width_in_screen:  0.44635
m_Height_in_screen:  0.33167
