BLIP_Ver:  1.00000
m_Left_in_screen:  0.10312
m_Top_in_screen:  0.44000
m_Width_in_screen:  0.50000
m_Height_in_screen:  0.25000
